num crossings	time (s)	maj axis (mm)	min axis (mm)	theta (rad )	slope (V/s)
1037	1405.813082	25.834125	-0.281781	2.351583	1.281944
1039	1407.901741	25.752840	-0.265331	2.352562	1.115831
1041	1409.986171	25.826552	-0.264175	2.352890	1.235024
1043	1412.079042	25.681060	-0.228931	2.352342	1.334198
1045	1414.164310	25.732073	-0.252446	2.352367	1.169765
1047	1416.251697	25.643853	-0.231326	2.351736	1.248406
1049	1418.346984	26.005598	-0.220951	2.351570	1.253228
1051	1420.433936	25.681988	-0.205031	2.361684	1.026419
1053	1422.528213	26.850882	-0.192737	2.352923	0.819650
1055	1424.619226	27.283246	-0.140271	2.353625	1.213313
1057	1426.712937	26.817564	2.458452	2.339059	1.047764
1059	1428.803273	27.380259	-0.221316	2.364345	1.130021
1061	1430.894419	28.163487	-0.241656	2.362151	1.306129
1063	1432.985363	30.898637	0.835439	2.366477	1.242093
1065	1435.077025	31.185589	-0.082842	2.352353	1.297205
1067	1437.166624	30.978165	-0.133090	2.347263	1.401109
1069	1439.257823	31.553776	-0.090282	2.346155	1.423008
1071	1441.347206	31.380402	-0.011404	2.351170	1.635519
1073	1443.444085	31.924862	0.002106	2.353013	1.595730
1075	1445.537862	32.485574	0.034375	2.353864	1.713318
1077	1447.629536	31.902942	0.000168	2.362434	1.785860
1079	1449.723119	32.859985	-0.055998	2.363051	1.771883
1081	1451.815086	35.116472	0.939961	2.375702	2.066042
1083	1453.906275	33.907519	-0.121105	2.358241	2.149422
1085	1455.998879	35.416176	0.112806	2.354592	2.039250
1087	1458.090612	37.005853	0.115124	2.349580	2.333197
1089	1460.182394	37.547966	0.131651	2.349124	2.157128
1091	1462.274059	37.337003	0.159249	2.352498	2.337920
1093	1464.365029	36.596117	0.176655	2.361923	2.507732
1095	1466.458756	37.598171	0.042677	2.357445	2.655118
1097	1468.550013	39.302758	0.184755	2.350514	2.725593
1099	1470.640716	40.516595	0.231818	2.347749	2.664449
1101	1472.732578	40.666805	0.251236	2.350459	2.841603
1103	1474.822218	39.680183	0.249385	2.360460	2.858816
1105	1476.911690	42.011052	0.292834	2.352179	2.940550
1107	1479.002753	41.112615	0.238606	2.361032	2.984374
1109	1481.096445	45.504068	0.339022	2.341456	3.118962
1111	1483.188726	43.997388	0.318228	2.349869	3.157797
1113	1485.280913	44.728186	0.342529	2.348239	3.359573
1115	1487.375561	45.481637	0.354856	2.347745	3.491681
1117	1489.466214	46.130578	0.379733	2.347501	3.771888
1119	1491.559252	48.125899	0.359628	2.341749	3.787307
1121	1493.650203	44.988723	0.056860	2.375224	3.922424
1123	1495.742581	48.316898	0.389951	2.346551	3.905423
1125	1497.832677	47.346792	0.231788	2.378210	4.236422
1127	1499.924249	49.741570	0.413632	2.345165	4.271832
1129	1502.015163	48.782679	0.404383	2.353136	4.407646
1131	1504.107748	50.200344	0.298866	2.349308	4.501059
1133	1506.197550	51.800479	0.466650	2.343967	4.577005
1135	1508.289910	52.560196	0.491105	2.343919	4.810667
1137	1510.381865	51.614782	0.443470	2.351139	4.903676
1139	1512.474263	53.958923	0.534228	2.343820	5.062326
1141	1514.564318	55.568686	0.629682	2.340110	5.216870
1143	1516.655202	53.776116	0.463019	2.350270	5.326009
1145	1518.746828	58.143285	0.489684	2.320851	5.411914
1147	1520.837071	55.114657	0.516108	2.347438	5.554225
1149	1522.928059	55.908862	0.458629	2.342599	5.581302
1151	1525.016677	58.912599	1.815493	2.357808	5.672700
1153	1527.108201	58.567612	0.623535	2.338497	5.915753
1155	1529.198945	59.218451	0.662487	2.338659	5.965649
1157	1531.290523	59.858124	0.674560	2.338711	6.387648
1159	1533.381731	58.865335	0.663456	2.347422	6.478274
1161	1535.474178	59.753489	0.556980	2.342864	6.324973
1163	1537.565620	60.192794	0.581438	2.342333	6.753059
1165	1539.657097	62.334614	0.774120	2.336845	6.306821
1167	1541.748913	62.863128	0.774288	2.337166	6.777870
1169	1543.839450	61.861668	0.719739	2.344270	6.819878
1171	1545.930231	62.467811	0.684034	2.342556	7.037364
1173	1548.020777	64.608063	0.841227	2.335787	7.101273
1175	1550.111483	64.977309	0.828718	2.335763	7.402410
1177	1552.202041	64.139050	0.808104	2.343836	7.617442
1179	1554.292553	67.886876	0.802990	2.316666	7.706259
1181	1556.383242	65.209711	0.842887	2.343098	7.785502
1183	1558.472599	68.676944	0.897461	2.317967	7.931288
1185	1560.562620	64.412967	0.171901	2.378178	7.807738
1187	1562.653122	68.197472	0.942188	2.335258	8.272193
1189	1564.742602	68.586152	0.942731	2.336722	7.951367
1191	1566.833724	67.360785	0.870585	2.344242	8.360866
1193	1568.924168	69.408053	1.040701	2.334016	8.342843
1195	1571.015195	69.589974	1.030117	2.333267	8.250949
1197	1573.106177	70.304416	1.060622	2.332715	8.692943
1199	1575.197906	71.354765	1.207103	2.328332	8.728923
1201	1577.288205	72.037312	1.161046	2.327615	9.091693
1203	1579.379344	71.900907	1.090585	2.334202	9.179221
1205	1581.469774	70.188641	6.339518	2.365202	9.307240
1207	1583.560307	71.007641	1.143207	2.342839	8.950392
1209	1585.650649	74.496126	1.120522	2.314039	8.981819
1211	1587.741429	71.753225	1.110874	2.342846	9.594427
1213	1589.831526	75.015515	2.770469	2.352409	9.455187
1215	1591.921408	74.000704	1.210340	2.332943	9.698619
1217	1594.011988	72.915105	1.121110	2.342771	9.777767
1219	1596.102662	74.754531	1.255367	2.332716	9.481782
1221	1598.192300	72.559106	5.984200	2.360736	10.063493
1223	1600.283048	75.503027	1.294544	2.332472	9.999563
1225	1602.373205	74.393490	1.164905	2.341872	9.937107
1227	1604.462164	74.821488	1.202812	2.339675	10.113223
1229	1606.552892	76.429901	1.359267	2.329579	10.286841
1231	1608.642200	77.047790	1.590912	2.328724	10.158144
1233	1610.732723	76.910309	1.360119	2.330161	10.352256
1235	1612.821435	75.653678	1.311848	2.339202	10.474732
1237	1614.911070	79.276364	1.348260	2.308835	10.311756
1239	1617.001595	77.933920	1.651867	2.328933	10.819265
1241	1619.091463	78.066014	1.417089	2.331556	10.604902
1243	1621.181906	78.381740	1.455552	2.330921	10.900897
1245	1623.272637	77.399946	1.384816	2.342038	11.102823
1247	1625.363587	78.932283	1.503884	2.328900	10.749897
1249	1627.453602	77.873266	1.356944	2.340190	10.988429
1251	1629.543849	80.114649	2.958022	2.349999	11.005227
1253	1631.634317	78.524785	1.370188	2.337249	11.157683
1255	1633.724470	81.314346	1.524521	2.311526	11.217608
1257	1635.814177	78.969372	1.402441	2.338785	11.187191
1259	1637.903763	80.459110	1.539734	2.327667	11.312163
1261	1639.994072	80.640042	1.533599	2.328634	11.284168
1263	1642.084238	81.298481	1.955054	2.327580	11.609078
1265	1644.173878	81.504151	1.958310	2.327696	11.704200
1267	1646.263763	78.093239	0.032943	2.368025	11.793846
1269	1648.353114	83.346946	1.584717	2.306677	12.017628
1271	1650.443629	81.676134	1.570768	2.331082	12.167766
1273	1652.533302	78.509491	0.575181	2.375968	12.012833
1275	1654.623439	80.562087	1.428552	2.338739	12.082748
1277	1656.714022	83.605317	3.121138	2.346156	11.916750
1279	1658.804271	84.320976	1.721818	2.308487	12.396515
1281	1660.895251	82.722246	1.669898	2.329361	11.904815
1283	1662.985508	83.003696	1.705137	2.328746	12.453258
1285	1665.075890	82.053307	1.613740	2.338725	12.297956
1287	1667.165961	83.503744	1.762827	2.327596	12.292801
1289	1669.256736	83.597648	1.728394	2.330373	12.589127
1291	1671.347341	84.093261	2.159456	2.330702	12.625385
1293	1673.437109	82.830288	1.691092	2.341218	12.523311
1295	1675.527000	82.621898	1.800686	2.306439	12.589630
1297	1677.616817	84.835111	2.027128	2.329654	12.943093
1299	1679.707030	84.801906	2.268006	2.332533	12.915992
1301	1681.796697	83.689675	1.722412	2.341608	12.885511
1303	1683.886887	84.243801	1.853402	2.341275	12.887141
1305	1685.977594	85.076032	1.888385	2.330124	12.611949
1307	1688.067458	85.220338	1.816840	2.331255	12.773195
1309	1690.156821	85.051158	1.794453	2.332088	12.823684
1311	1692.246246	85.023182	1.834917	2.331823	13.090877
1313	1694.334966	84.847647	1.845407	2.331581	13.073760
1315	1699.861400	20.531570	6.942145	2.600665	13.150109
1317	1701.951034	36.832211	-0.702868	2.258738	2.154728
1319	1704.039423	36.920988	-0.667391	2.258984	2.534554
1321	1706.125517	36.886459	-0.658419	2.262482	2.288227
1323	1708.212770	36.676541	-0.657773	2.264374	2.503162
1325	1710.301219	36.624905	-0.650542	2.262902	2.413519
1327	1712.390318	36.569016	-0.635606	2.261239	2.536023
1329	1714.481747	36.556999	-0.622663	2.260034	2.379331
1331	1716.571646	36.581961	-0.619168	2.259976	2.450675
